0
0
32
-46
0
0

0
0
79
-63
0
0

0
0
208
1
0
0

0
-1
96
-106
0
0

0
-1
335
-215
-1.5
1.5

0
-1
177
-122
0
0

0
0
208
-175
0
0

0
0
32
-287
0
0

0
0
127
-287
0
0

0
0
208
-317
0
0

0
-1
48
-356
0
0

0
-1
78
-356
0
0

0
-1
157
-382
0
0

0
0
19
-382
0
0

0
0
112
-382
0
0

0
0
208
-479
0
0

0
-1
196
-421
0
0

0
-1
26
-434
0
0

0
2
90
-469
0
0

0
3
137
-631
0
0

0
3
41
-647
0
0

0
0
80
-702
0
0

0
0
209
-702
0
0

0
0
15
-751
0
0

0
0
96
-767
0
0

0
0
191
-767
0
0

0
0
112
-944
0
0

0
0
175
-944
0
0

0
4
80
-1014
0
0

0
-1
65
-1014
0
0

0
-1
95
-1014
0
0

0
0
139
-1006
0
0

0
0
199
-1032
0
0

0
0
9
-1060
0
0

0
0
2085
-1090
-1.5
0

0
0
23
-1138
0
0

0
0
133
-1239
0
0

0
0
155
-1266
0
0

0
0
26
-1248
0
0

0
4
22
-1319
0
0

0
-1
7
-1319
0
0

0
-1
37
-1319
0
0

0
0
128
-1314
0
0

0
-1
138
-1401
0
0

0
-1
182
-1387
0
0

0
4
80
-1448
0
0

0
-1
65
-1448
0
0

0
-1
95
-1448
0
0

0
0
159
-1493
0
0

0
0
129
-1521
0
0

0
5
192
-1557
0
0

0
5
97
-1557
0
0

0
0
67
-1584
0
0

0
0
32
-1584
0
0

0
0
67
-1614
0
0

0
0
32
-1614
0
0

0
0
194
-1614
0
0

0
6
58
-1711
0
0

0
6
155
-1711
0
0

1
0
27
0
0
3
1600

1
0
54
0
0
3
1600

1
0
197
0
0
3
1600

1
0
170
0
0
3
1600